101  1  0  2  0   4   7   9   5   6   8   6   2
102  3  0  1  0   7   4   5   2   6   3   7   3
103               8   4   8   7   9   1   8   3
104               7   3   9   2   9   2   9   2
105  1  0  1  0   8   3   9   1   8   1   9   1
107  1  0  0  0  
108  0  2  0  1   4   8   3   7   2   7   4   7
109  2  0  0  0   7   3   6   5   8   6   7   3
110               5   4   8   3   5   3   5   5
112               4   6   6   6   5   7   4   5
115               7   3   8   2   7   1   8   3
117               6   4   6   8   6   4   4   5
118               1   9   1   9   3   9   2   9
119  0  1  0  1  
120  1  0  0  0  
121               8   3   7   3   9   4   7   3
122               5   7   6   6   6   6   6   8
123        0  0  
124               6   5   5   4   7   5   6   4
1253  0  1  0  
126  0  1  0  0  
127  0  1  0  0   6   7   6   4   7   4   6   3
128  0  3  0  1   4   9   4   7   3   7   6   8
129  3  0  1  1   7   2   8   2   9   2   7   2
131  3  0  0  0   7   3   7   4   6   2   7   3
132               3   3   6   6   8   7   6   5
134               3   7   5   8   2   7   3   7
135  0  3  0  0   3   7   4   6   4   7   4   6
136  0  3  0  0  
137               2   7   7   7   3   7   5   8
138  1  0  1  0  
139               3   6   7   5   5   6   7   4
141  4  0  0  0   8   3   8   4   9   7   7   5
142  0  0  0  0  
143  1  0  1  0   6   8   6   3   5   2   6   3
146               5   5   8   6   4   7   4   5
147  4  1  1  1   9   2   8   6   9   8   9   5
149  2  0  1  0   7   5   7   4   6   3   7   3
150  2  0  0  0   7   3   5   2   7   3   7   3
151               5   6   4   5   4   4   6   4
155  0  2  0  0   8   5   6   3   8   2   8   3
156               4   4   6   6   5   6   6   7
159               4   4   7   6   3   6   4   6
160               7   4   7   5   6   3   7   4
161               4   6   5   6   4   6   4   5
162  3  0  1  0   5   6   6   6   5   5   7   6
163  0  0  1  0   5   5   5   5   4   6   6   6
165               4   5   3   5   4   6   4   7
167               5   6   7   6   5   4   5   5
173  1  0  0  0   5   3   5   4   6   7   5   4
174  0  4  0  1  
175  1  0  2  0  
177  0  1  0  1   4   7   4   5   3   7   4   6
183               3   4   7   7   3   7   3   6
184  0  1  0  0  
185               5   6   5   7   5   4   5   5
187               6   4   5   4   7   5   6   4
188  1  1  0  0  
189  2  0  1  0  
190  1  1  0  0   3   7   4   7   8   6   5   5
191  1  0  0  0  
192  0  3  0  1  
198  0  1  0  1   3   6   5   5   4   7   5   7
201               9   5   8  11   9   1   9   1
202               6   6   7   5   6   3   7   6
206  0  2  0  1  
210  0  1  0  0   4   7   7   5   7   4   7   8
211  0  1  0  1  
212               3   4   5   6   6   6   4   4
213  0  1  0  0   5   6   5   6   5   6   5   6
214  3  0  0  0   7   4   7   2   8   7   8   5
215               8   3   7   3   5   2   8   2
216               4   7   3   5   4   5   6   7
219  0  0  0  0  
220               7   5   9   2   8   1   7   5
221  3  0  0  0   5   3   6   5   6   5   7   3
222               7   5   9   4   7   2   7   6
223  0  2  0  1   4   7   4   4   1   6   5   7
224  0  1  1  0   5   6   4   4   2   4   6   6
225  0  0  0  0  
227  3  0  2  0   7   4   8   3   6   3   7   3
228  0  6  0  1  
229  0  1  0  1   3   8   4   7   2   3   2   7
231  2  0  1  0   5   4   6   5   6   5   6   4
232               8   3   7   5   9   2   8   2
233  2  0  0  0   5   2   6   5   7   5   6   3
234  2  1  1  0   8   2   6   2   7   3   9   2
235  1  1  0  0   6   4   4   4   6   4   6   5
236  2  0  1  0   7   4   8   2   7   2   8   2
237  0  2  0  0   3   8   4   9   4   8   4   9
238               6   5   7   5   6   4   6   4
239               6   4   6   5   4   3   7   5
240               5   7   7   9   4   7   5   7
241               7   4   5   3   4   2   8   3
243  0  0  0  0   7   6   7   5   5   3   5   5
245  0  2  0  1   3   6   4   8   2   6   4   8
246  0  3  0  2   3   7   4   8   3   8   4   8
247  0  0  0  0  
248  1  2  0  0   5   6   5   7   7   7   7   7
249               7   3   8   4   8   2   7   3
250  0  3  0  1   3   8   5   6   3   8   5   7
251               6   7   4   4   7   4   7   4
252  1  1  0  0  
255  3  0  1  0   9   5   8   2   8   3   8   5
256  1  0  1  0   4   7   6   4   5   6   7   4
257               5   5   3   6   4   5   5   5
258  0  1  0  0   5   8   4   6   3   5   3   6
260  0  0  0  0   6   6   6   4   4   6   6   6
261  0  1  0  0  
262               8   1   6   1   8   1   9   2
263  1  0  0  0  
267               5   6   4   5   4   4   4   5
269               6   4   7   6   5   5   4   7
270  2  0  1  0   8   6   8   6   9   3   9   3
271               4   6   6   6   3   6   4   6
272               6   6   7   8   3   4   6   6
274  1  0  0  0   7   7   7   6   6   2   7   6
276               7   9   5   6   7   2   8   4
277               6   6   6   5   6   5   6   3
278  2  1  1  0   5   8   7   6   6   7   7   6
279               4   8   5   8   7   6   5   8
282               5   5   5   4   6   6   5   4
283  2  0  0  0   7   3   7   3   7   3   7   3
284  0  1  0  1  
286               6   7   6   8   9   7   5   5
287  0  1  0  0  
289  0  4  2  0   7   3   8   2   8   2   8   2
290  0  1  0  0  
291               3   8   4   7   7   6   6   4
292               3   5   4   4   3   6   4   4
293               6   5   4   3   7   2   6   2
294  1  1  0  0  
295  0  1  0  0  
296               3   7   5   6   2   7   5   7
297  2  0  0  0  
298               3   6   5   7   6   6   3   4
299               3   7   4   8   5   7   4   8
300               3   6   4   3   4   6   4   6
303  2  0  0  0  
305  0  1  0  0   6   7   6   5   5   4   6   4
307  2  0  0  0  
309  1  1  0  0   7   5   7   3   7   3   6   4
310               4   7   5   6   4   6   6   6
311  0  3  0  0   5   4   6   3   4   5   4   7
312               9   1   9   1   9   5   8   3
314  0  1  0  0   
315  1  2  0  0   
317  0  2  0  1   
989  0  2  0  1   
990  0  2  1  0   
991  0  4  0  2   
992  0  0  1  0   
993  2  1  0  0   
994  2  0  0  0   
995  2  0  0  0   
996  0  4  0  0   
997  2  0  0  0   
998  0  1  0  0   
999  1  2  0  0   
